[cal_version]
version_num=100
[cal_attr]
camera_type=0
image_width=2688
image_height=1520
pano_width=4324
pano_height=1180
out_width=3840
out_height=1104
pano_fov_x=183.908523
pano_fov_y=0.000000
[pipe0]
image_fov_x=92.412971
image_fov_y=0.000000
cx = 1344
cy = 760
yaw = -40.136493
pitch = 0.390370
roll = -0.059906
Tx = 0.000000
Ty = 0.000000
Tz = 0.000000
Tyaw = -40.136493
Tpitch = 0.390370
dRatio = 186.321655
xRatio = 0.000000
yRatio = 0.000000
Coefa = 0.000000
Coefb = 0.000003
Coefc = 0.000000
[pipe1]
image_fov_x=92.426773
image_fov_y=0.000000
cx = 1344
cy = 760
yaw = 40.136493
pitch = -0.390370
roll = 0.059906
Tx = -0.000132
Ty = 0.000453
Tz = 0.005462
Tyaw = 40.136493
Tpitch = -0.390370
dRatio = 174.918289
xRatio = 0.000000
yRatio = 0.000000
Coefa = 0.000000
Coefb = 0.000003
Coefc = 0.000000
